# R script for Peak Model
#  -- generated by MACS
p <- c(0.03949065300454929,0.04713400519897819,0.05350346536100227,0.060996947904560006,0.06744134289201967,0.06774108219376197,0.06841549562268218,0.06894003940073122,0.0693147135279091,0.07051367073487834,0.0709632796874918,0.0686403000989889,0.06961445282965141,0.0683405607972466,0.06908990905160237,0.0699891269568293,0.06841549562268218,0.06796588667006871,0.06774108219376197,0.06556797225613023,0.06616745085961485,0.06751627771745525,0.06796588667006871,0.06879016974986006,0.0693147135279091,0.06916484387703795,0.0693147135279091,0.07043873590944276,0.07036380108400718,0.07186249759271873,0.0709632796874918,0.07178756276728315,0.07081341003662064,0.07088834486205622,0.07021393143313603,0.07028886625857161,0.07088834486205622,0.07148782346554085,0.07193743241815431,0.07133795381466969,0.07141288864010527,0.07073847521118508,0.07081341003662064,0.07118808416379854,0.0723121065453322,0.0723121065453322,0.07291158514881682,0.07246197619620336,0.07208730206902547,0.07186249759271873,0.0732862592759947,0.0726118458470745,0.0723121065453322,0.07133795381466969,0.0686403000989889,0.06886510457529564,0.06819069114637544,0.06789095184463313,0.06819069114637544,0.06796588667006871,0.06511836330351677,0.0660175812087437,0.06571784190700139,0.06616745085961485,0.06796588667006871,0.06676692946309946,0.06616745085961485,0.06616745085961485,0.06579277673243697,0.066317320510486,0.06804082149550429,0.06706666876484178,0.06826562597181102,0.07081341003662064,0.0706635403857495,0.07201236724358989,0.07223717171989662,0.07223717171989662,0.07306145479968797,0.07291158514881682,0.07343612892686587,0.07388573787947933,0.07358599857773701,0.07156275829097643,0.07081341003662064,0.07171262794184757,0.07216223689446104,0.07238704137076778,0.0706635403857495,0.07073847521118508,0.06968938765508699,0.07028886625857161,0.07088834486205622,0.07028886625857161,0.07103821451292738,0.06894003940073122,0.06826562597181102,0.06849043044811776,0.07073847521118508,0.07043873590944276,0.07118808416379854,0.07111314933836296,0.07051367073487834,0.07103821451292738,0.07141288864010527,0.07283665032338124,0.0729865199742524,0.0723121065453322,0.07133795381466969,0.07186249759271873,0.07178756276728315,0.07178756276728315,0.07171262794184757,0.07051367073487834,0.07088834486205622,0.07133795381466969,0.07111314933836296,0.07148782346554085,0.07111314933836296,0.0709632796874918,0.07013899660770045,0.06961445282965141,0.0693147135279091,0.0699891269568293,0.06729147324114851,0.06609251603417927,0.06579277673243697,0.0653431677798235,0.0653431677798235,0.0649684936526456,0.06676692946309946,0.06841549562268218,0.06804082149550429,0.06759121254289083,0.06871523492442448,0.06841549562268218,0.06991419213139372,0.07036380108400718,0.07028886625857161,0.07148782346554085,0.07013899660770045,0.0693147135279091,0.06938964835334469,0.06976432248052257,0.07058860556031392,0.07208730206902547,0.07208730206902547,0.07216223689446104,0.0726118458470745,0.07171262794184757,0.07171262794184757,0.07073847521118508,0.07118808416379854,0.07193743241815431,0.0726118458470745,0.07163769311641201,0.07148782346554085,0.07156275829097643,0.07193743241815431,0.0706635403857495,0.07276171549794566,0.07306145479968797,0.07388573787947933,0.07306145479968797,0.07193743241815431,0.07118808416379854,0.07021393143313603,0.07021393143313603,0.0683405607972466,0.07028886625857161,0.06729147324114851,0.06729147324114851,0.0660175812087437,0.06609251603417927,0.06579277673243697,0.06661705981222832,0.06714160359027736,0.06751627771745525,0.06841549562268218,0.06684186428853504,0.06826562597181102,0.06811575632093986,0.06759121254289083,0.06774108219376197,0.06811575632093986,0.06819069114637544,0.06826562597181102,0.06811575632093986,0.06796588667006871,0.0693147135279091,0.06894003940073122,0.07006406178226487,0.07171262794184757,0.07216223689446104,0.07246197619620336,0.07163769311641201,0.07178756276728315,0.07178756276728315,0.07246197619620336,0.07306145479968797,0.07351106375230143,0.07268678067251008,0.07163769311641201,0.07081341003662064,0.07073847521118508,0.07201236724358989,0.07291158514881682,0.0739606727049149,0.07500976026101298,0.07268678067251008,0.07343612892686587,0.07448521648296394,0.07605884781711107,0.07733273984951589,0.07770741397669377,0.07755754432582261,0.07748260950038705,0.07650845676972454,0.07523456473731972,0.07710793537320915,0.07575910851536875,0.07583404334080433,0.07568417368993319,0.0743353468320928,0.07448521648296394,0.0746350861338351,0.07471002095927068,0.07500976026101298,0.07740767467495147,0.07635858711885338,0.07718287019864473,0.07778234880212935,0.07778234880212935,0.07988052391432551,0.07980558908888993,0.07920611048540532,0.078906371183663,0.0772578050240803,0.07448521648296394,0.07388573787947933,0.07403560753035048,0.07238704137076778,0.07163769311641201,0.0706635403857495,0.07141288864010527,0.07133795381466969,0.07021393143313603,0.07036380108400718,0.07201236724358989,0.0746350861338351,0.0749348254355774,0.07553430403906203,0.07553430403906203,0.0749348254355774,0.07381080305404375,0.07366093340317259,0.07426041200665721,0.07553430403906203,0.07575910851536875,0.07306145479968797,0.07283665032338124,0.07171262794184757,0.07178756276728315,0.0706635403857495,0.07043873590944276,0.07246197619620336,0.07291158514881682,0.0739606727049149,0.07351106375230143,0.07515962991188414,0.07500976026101298,0.07590897816623991,0.07643352194428896,0.07800715327843608,0.07838182740561397,0.07688313089690242,0.07815702292930723,0.07748260950038705,0.07733273984951589,0.07853169705648512,0.07995545873976109,0.07748260950038705,0.0762836522934178,0.07785728362756493,0.07793221845300051,0.07823195775474281,0.07793221845300051,0.07733273984951589,0.07710793537320915,0.07658339159516012,0.07583404334080433,0.07965571943801879,0.08280298210631304,0.08107948112129476,0.08107948112129476,0.0809296114704236,0.0809296114704236,0.08145415524847265,0.08355233036066881,0.08415180896415343,0.08415180896415343,0.084226743789589,0.08302778658261976,0.084226743789589,0.08550063582199383,0.08759881093418999,0.08714920198157652,0.08737400645788325,0.08767374575962557,0.08752387610875441,0.0872241368070121,0.0852008965202515,0.08610011442547844,0.08684946267983422,0.08774868058506115,0.08415180896415343,0.08467635274220246,0.08587530994917171,0.0862499840763496,0.08662465820352748,0.0885729636648525,0.0905212691261775,0.09044633430074193,0.08804841988680345,0.08812335471223903,0.09134555220596886,0.09127061738053328,0.09142048703140443,0.08999672534812847,0.09194503080945347,0.09104581290422654,0.09344372731816503,0.09344372731816503,0.09838942579691314,0.09966331782931795,0.10071240538541604,0.10101214468715834,0.10198629741782085,0.10138681881433623,0.10131188398890065,0.10243590637043432,0.1025108411958699,0.10288551532304778,0.10033773125823815,0.09988812230562469,0.09936357852757564,0.09981318748018911,0.100187861607367,0.10093720986172276,0.09996305713106025,0.09936357852757564,0.09756514271712179,0.09771501236799293,0.09838942579691314,0.09786488201886409,0.09734033824081505,0.09726540341537947,0.09584164173210351,0.09614138103384581,0.09591657655753907,0.09546696760492561,0.09509229347774772,0.09501735865231214,0.09389333627077849,0.09411814074708522,0.09456774969969868,0.09479255417600542,0.09546696760492561,0.09584164173210351,0.09524216312861888,0.09434294522339196,0.09591657655753907,0.09531709795405446,0.09666592481189486,0.09546696760492561,0.09471761935056984,0.09449281487426311,0.09411814074708522,0.09374346661990733,0.09576670690666793,0.09696566411363716,0.09689072928820158,0.09726540341537947,0.0971904685899439,0.0974902078916862,0.09846436062234872,0.0981646213206064,0.09891396957496218,0.10003799195649583,0.09801475166973525,0.09906383922583333,0.09876409992409102,0.09958838300388237,0.09943851335301122,0.09898890440039776,0.09891396957496218,0.0985392954477843,0.09689072928820158,0.09771501236799293,0.09861423027321986,